458
439
393
152
28
207
264
481
87
176
433
444
224
48
68
241
2
3
10
16
46
206
231
311
327
345
434
438
447
420
186
1
34
465
446
459
460
461
357
482
314
462
117
232
463
30
464
195
100
352
492
466
467
468
469
470
471
472
494
14
388
456
236
374
180
27
328
201
23
99
449
379
5
8
315
451
265
116
169
280
440
495
266
267
268
269
270
271
272
274
275
281
282
283
284
285
286
287
288
289
290
291
292
294
295
296
297
298
299
300
301
302
303
304
305
306
307
453
9
194
318
170
111
423
71
12
341
42
249
69
70
72
45
339
245
246
430
312
401
398
17
395
491
396
397
400
402
403
404
405
406
407
408
409
426
128
62
455
247
196
441
73
473
436
437
390
243
237
476
198
199
60
238
250
483
484
485
486
487
94
95
96
97
474
50
52
58
212
213
488
185
89
90
91
92
418
385
222
362
179
125
347
349
350
353
320
112
113
208
419
67
93
257
387
448
389
24
25
124
425
370
242
244
251
252
254
255
74
334
356
399
209
210
211
214
215
216
217
218
219
223
65
497
49
53
54
55
56
59
263
411
321
394
443
499
32
86
381
382
386
442
498
262
104
279
309
181
278
167
15
477
6
7
47
88
177
188
189
220
221
248
313
273
276
277
19
118
335
13
392
346
348
227
171
33
63
123
240
162
226
228
332
413
415
98
191
43
363
391
103
324
205
82
121
378
39
225
11
187
316
331
377
154
427
174
160
479
155
368
260
22
366
383
183
184
31
373
178
126
233
435
36
81
119
317
380
26
122
417
359
234
329
490
500
193
308
40
421
78
156
133
144
18
20
21
38
64
80
84
120
168
172
230
261
323
326
330
343
365
369
375
384
432
475
496
190
200
136
153
229
235
239
319
322
372
376
429
431
489
310
35
158
424
157
173
37
83
175
161
182
139
480
159
422
41
105
106
107
108
109
110
127
129
130
131
132
134
135
137
138
140
141
142
143
145
146
147
148
149
150
151
163
164
165
192
203
204
259
325
333
337
338
364
367
371
410
414
416
428
361
44
75
102
293
478
360
61
166
340
342
51
101
457
85
344
57
202
336
412
355
66
351
354
77
79
114
115
197
253
450
493
445
258
76
452
4
29
256
358
454
