1584
1585
1589
1
897
405
29
23
27
10
30
13
6
32
35
18
24
9
37
3
7
31
5
19
22
25
16
20
14
34
1616
17
21
15
28
36
8
4
11
12
26
38
33
2258
1590
1617
1618
1073
128
125
1236
1032
1033
899
1093
2907
898
117
1768
1920
1921
1923
1924
3307
124
2240
1769
1469
1470
819
1900
1901
1902
1903
1906
1907
1909
1910
1911
1914
1899
1904
1467
775
776
2952
2890
2892
1762
1770
144
896
1913
1915
1916
1917
1918
1919
1102
1453
2335
913
818
2127
2027
102
86
88
93
1763
94
1022
3662
1460
1465
1466
1468
1471
126
1627
127
192
46
957
961
3951
872
3305
2238
1573
871
3909
130
870
873
122
123
59
87
106
140
129
131
89
109
105
71
72
95
96
97
98
100
104
107
108
110
111
121
1185
1186
1187
1188
1189
1190
1191
1192
1193
1194
1195
1196
1197
1198
1199
1200
1201
1202
1203
1204
1205
1206
1207
1208
1209
1210
1211
1212
1213
1214
1215
1216
1217
1218
1219
1220
1221
1222
1223
1224
1225
1226
1227
1228
1229
1230
1231
1232
1233
1234
1235
1237
1238
1448
1449
1450
1451
1452
1454
1455
1456
1457
1458
1459
1461
1462
1464
947
1241
2631
815
191
139
2630
2455
1519
3299
1023
3543
119
203
204
205
894
832
834
874
875
876
877
900
209
373
210
211
212
1242
1074
1492
2158
57
927
61
761
778
307
1099
3599
47
2375
510
1018
51
1016
3585
981
1045
629
926
1898
149
2050
2332
925
141
60
402
534
821
826
827
828
829
830
831
833
835
895
63
481
820
822
823
824
825
924
3268
917
2183
2457
2459
2611
55
4151
166
3610
3611
1339
3321
3322
3324
3393
3092
154
184
952
2981
3041
934
530
4212
2336
950
921
932
545
546
547
548
549
1645
417
3320
3325
3326
3327
3328
3329
3330
3331
3332
3333
3334
3335
3336
3337
3338
3339
3340
3341
3342
3343
3344
3345
3346
3347
3348
3349
3350
3351
3352
3353
3354
3355
3356
3357
3358
3359
3360
3361
3362
3363
3364
3365
3366
3367
3368
3369
3370
3371
427
56
1908
58
1764
185
40
935
45
3308
62
64
909
3842
3427
251
1767
4102
340
3168
53
1629
923
4004
3309
1540
49
3672
3210
1006
41
3227
4142
3252
3553
3558
3127
3119
2268
150
344
2699
587
1905
1912
1922
2260
2261
2262
2263
2264
2265
2266
2267
2269
2270
2271
2272
2273
2274
2275
2276
2277
2278
2279
2280
2281
2282
2283
2284
2285
2286
2287
2288
2289
2290
2291
2292
2293
2294
2295
2296
2297
2298
2299
2300
2301
2302
2303
2304
2305
2306
2307
2308
2309
2310
2311
2312
2313
2314
777
922
146
2887
2893
3714
3586
3587
3588
3589
3590
3591
3594
3595
3596
3597
3598
439
329
148
4193
207
73
956
2442
3947
3948
2505
3700
3701
3702
3703
228
920
346
1103
1104
1105
1106
1107
1108
1109
1110
1111
1112
1113
1114
1115
1116
1172
914
919
928
176
1711
152
201
949
70
215
449
2337
2407
2982
175
3641
4123
3704
3705
3706
3707
3708
3709
3710
3711
3712
574
915
916
918
929
231
611
612
955
2020
2021
2022
2023
2024
2025
2026
2028
2029
2030
2031
2032
2033
2034
2035
2036
2037
2038
2039
2040
2041
2049
2066
2067
2068
2069
2070
2071
2072
2073
2074
2075
2076
2077
2078
2079
2080
2081
2082
2083
2084
2085
2086
2087
2088
2089
2090
2091
2092
2093
2094
2095
2096
2097
2098
2099
2100
2101
2102
2103
2104
2105
2106
2107
2108
2109
2110
2111
2112
2113
2114
2115
2116
2117
2118
2119
2120
2121
2122
2123
2124
2125
2126
355
1765
312
390
2615
65
145
50
2716
2256
1101
3949
101
208
3637
39
43
54
604
2614
555
556
2
3616
3617
3618
3619
3620
3621
3622
3623
3624
3625
3626
3627
3628
3629
3630
3631
3632
3633
3634
1766
44
4189
3649
3650
3651
3652
3653
3654
3655
3656
3657
3658
3659
3660
3661
3776
796
797
798
799
800
334
48
3786
3787
42
52
151
3777
3302
3771
3773
3774
3775
142
594
1619
1620
1621
1622
1623
1624
1625
1626
1628
1630
1632
1633
1634
2198
910
3772
595
407
605
631
505
153
576
585
603
225
2984
143
1173
1174
1175
1176
1177
2506
2244
227
2199
2200
2201
2202
2203
2204
2205
2206
2207
2208
2209
2210
2211
2212
2213
2214
2215
2216
2217
2218
2219
2220
2221
2222
2223
2224
2225
2226
2239
2241
2242
2243
2245
938
939
940
941
942
943
944
945
953
958
959
960
962
964
965
966
967
968
120
3950
3952
3953
3954
3955
3956
3957
3958
3959
3960
3961
3962
3963
3964
3965
3966
3967
3968
3969
3970
3971
3972
3973
3974
3975
3976
3977
3978
3979
3980
3981
3988
3989
3990
3991
3992
147
620
226
118
138
3306
782
997
2985
501
229
230
239
91
67
69
99
190
66
68
90
92
103
112
113
114
115
116
573
3821
182
2376
2377
593
596
597
598
599
600
601
602
607
608
609
610
613
614
617
618
621
622
624
625
627
628
695
572
2333
2334
694
2382
963
4180
586
606
615
616
619
623
626
630
335
422
508
249
801
360
194
3561
740
2259
2315
3592
292
1020
183
2340
905
2540
451
846
1007
1012
2873
843
1737
1738
1739
946
948
951
954
3778
3779
3780
3781
3782
3783
3784
3785
202
224
187
2463
2510
2511
3822
3823
2338
2339
975
200
3983
158
2706
186
1097
2440
343
441
911
2697
2700
157
1516
1518
2444
3273
3289
3303
3304
342
1477
1478
1479
1480
1485
1515
1517
1520
401
1273
1274
2713
3460
1280
1278
907
2983
2383
2385
2386
2387
2388
2389
2390
2391
2392
2393
2394
2395
2396
2397
2398
2399
2400
2401
2402
2403
2404
2405
2406
2499
2500
2501
2502
2461
1244
136
903
486
233
3274
3275
3276
3277
3278
3279
3280
3281
3282
3283
3284
3285
3286
3287
3288
3297
3298
3300
3301
1463
554
558
1651
299
2714
2462
1275
1276
1277
1279
1281
1282
3533
195
1243
1245
1246
1247
1248
1249
1250
1251
1252
1253
1254
1255
1256
1257
1258
1259
1260
1261
1262
1263
1264
1265
1271
1272
189
376
812
814
808
1024
1029
904
2576
1289
809
2429
533
2495
2503
2504
177
2369
3648
931
810
813
816
2913
1100
3636
817
199
197
4168
3946
1283
361
2438
2439
779
238
193
196
198
206
2977
811
878
879
513
300
274
860
861
862
863
864
840
2464
2465
2466
2467
2468
2469
2470
2471
2472
2473
2474
2475
2476
2477
2478
2479
2480
2481
2494
2496
2497
2498
2507
2508
2509
2512
2695
930
1740
1741
1742
178
527
2640
4223
1691
518
2343
1025
936
522
515
3545
2450
2451
2431
514
516
517
519
520
521
523
524
525
526
528
1290
3715
1713
2435
2436
2427
2428
3646
218
3162
1606
1607
1608
1609
3753
1491
1382
2710
2354
1000
3752
291
550
999
174
996
937
969
179
1557
537
2316
332
3755
4137
3489
3020
538
888
2381
132
133
134
933
2426
242
3638
1698
781
1286
155
2715
1746
1747
1748
1756
783
2425
1771
1772
1773
1774
1775
1776
1777
1778
1779
1780
1781
1782
1783
1784
1785
1786
1787
1788
1789
1790
1791
1792
1793
1794
1795
1796
1797
1650
1652
1600
1601
780
1036
2384
3754
3323
454
1030
770
806
217
1038
497
498
499
500
1239
1240
294
1685
156
493
494
495
496
265
2433
2918
2342
2443
2613
3508
1760
1761
4215
3757
3760
3761
3764
180
181
188
3425
3404
885
3311
575
4128
1528
2566
2900
1595
1596
4129
2698
849
1583
889
4143
839
993
4201
4202
2422
2423
2424
1017
2156
3067
3762
3758
470
887
2430
2446
2447
842
571
137
382
2155
979
985
543
160
2448
2432
850
4121
890
221
135
4020
4021
4022
4023
4024
4025
4026
4027
837
2437
3082
845
994
995
998
1001
1002
858
859
851
3174
886
891
567
570
1599
3081
3084
3065
551
529
531
532
535
536
539
540
541
542
544
213
219
222
223
2180
511
512
912
2441
836
2341
566
1037
2445
165
854
557
3384
214
216
220
506
2330
460
487
3221
3571
559
560
561
562
563
564
565
568
569
173
769
1586
1587
1588
881
1021
791
792
793
794
795
804
805
807
3055
552
553
2317
2360
766
2541
502
503
504
507
509
4066
256
1009
3054
892
893
880
772
666
170
2331
784
785
786
787
788
789
790
802
803
865
866
867
868
869
841
974
1004
580
1008
1014
1015
1026
1027
1028
3017
659
768
771
773
774
163
2065
1610
1612
3840
3848
1660
844
906
4217
852
4005
2434
162
168
169
982
983
984
3509
3080
1003
1005
1010
1011
1013
1019
1559
1582
992
1031
1034
4222
2177
3562
589
591
901
902
908
3583
3584
970
971
972
973
976
977
978
980
986
987
988
989
990
991
847
848
293
838
853
882
883
884
855
856
857
159
161
164
167
171
172
590
3085
3021
404
581
3698
3699
236
1635
767
2054
76
1547
1548
1549
1550
1551
1552
1553
1554
1555
1556
1558
1560
1561
3157
436
245
577
578
579
582
583
584
588
592
4081
1743
1744
1745
1749
1750
1751
1752
1753
1754
1755
1757
1758
1759
384
3850
3440
3442
3214
3215
276
1591
1592
1593
1594
1597
1598
1602
1603
1604
1605
1611
1613
1614
1615
82
2542
1693
4108
2545
3296
3725
2539
244
243
74
75
77
78
79
80
81
83
84
85
3667
456
3756
4101
2051
2052
2053
2055
2056
2057
2058
2059
2060
2061
2062
2063
2064
2914
2951
2953
2954
2955
302
2345
240
235
465
1646
237
232
3106
3759
2350
320
3016
1482
339
234
2623
278
3263
3265
2142
2143
2144
434
2351
412
473
2575
2349
323
1700
4188
450
3019
457
2235
1702
3424
3228
3008
408
3530
3531
2178
2179
2348
2353
1692
3220
2599
2703
3070
1699
1701
453
3295
2874
2773
2774
2775
375
374
3521
2621
2356
319
3009
2246
3011
2236
2237
471
3593
635
2701
3747
3744
3745
2704
2415
310
476
3574
1636
1637
1638
1639
1640
1641
1642
1643
1644
1647
1648
1649
3010
1522
1523
1182
3713
2606
1044
633
2230
325
3737
3459
3013
3933
385
440
250
1157
1156
1158
2148
2684
2956
2711
2712
683
762
2249
2228
2229
2231
2232
2233
2234
3522
655
3984
3985
3986
2607
3401
2344
1135
2617
2619
2370
2371
2372
1163
1166
1167
687
2610
4150
2894
2895
2896
2449
2452
2453
2454
2456
2458
2460
2572
289
758
321
3873
458
732
3000
3001
3012
3014
3015
3018
491
371
327
2329
2885
413
2257
379
2616
726
389
727
1664
3849
3851
3852
3853
3854
3855
2581
2582
698
741
743
748
2362
3516
448
1712
3696
3697
733
2531
445
1509
2227
3613
3614
3615
4148
4149
2355
3145
2366
466
266
1122
2609
2612
2618
2620
1181
2580
632
644
649
661
669
673
696
725
639
643
645
646
654
680
720
724
750
753
3116
1710
1475
2252
2255
290
254
3689
3147
3090
3091
326
2897
2132
2361
640
641
642
647
648
650
651
652
653
656
658
660
662
663
664
665
667
668
670
671
672
674
675
677
678
679
681
682
684
685
686
688
689
690
691
692
693
697
699
700
701
702
703
704
705
706
707
708
709
710
711
712
713
714
715
716
717
718
719
721
722
723
728
729
730
731
734
735
736
737
738
739
742
744
745
746
747
749
751
752
754
755
756
757
759
760
763
1631
1575
2605
2608
2622
2624
2625
3608
3609
3612
347
1076
2418
634
636
637
657
676
2888
2889
2891
1136
1137
3068
308
2898
2899
2145
2845
2363
2365
2367
2368
418
1144
1145
3751
2248
2250
2253
638
764
765
4117
3677
3678
3679
3680
3681
3682
3683
3684
3685
3686
1164
1165
1168
1169
2818
2819
2820
1733
2140
468
469
2570
2571
2573
2589
2600
359
3083
3086
3087
3088
3089
3093
3094
3095
3096
399
255
3051
433
3100
2579
3497
2190
324
2128
2129
2590
420
421
411
2181
2182
4181
4182
4183
4184
4185
4186
4187
3269
3270
3271
3272
3117
1123
1483
1484
1039
2191
2192
2130
2131
1127
2188
446
296
1493
252
3647
442
356
3002
3003
3005
2663
2184
2185
3673
363
1502
1504
1512
1514
3635
3639
3640
2559
322
2251
2254
3535
263
3411
3412
3413
3414
3415
3416
3417
3418
3419
3420
1506
1507
2146
2147
3066
4075
3748
3749
3742
3743
2133
2134
2135
2136
2137
2138
2139
2141
2908
3038
462
1706
1707
1708
1709
2174
2175
2176
492
2919
3763
277
1496
1497
1498
1499
1500
4147
415
2186
2187
2189
3388
3389
3390
2352
2357
2358
2359
2364
1131
1140
1159
2841
2842
2843
2844
2846
1183
253
1035
1040
1041
1042
1043
1487
1488
1489
1490
1494
416
395
2486
2487
377
282
280
2998
241
2482
2483
2484
2485
447
400
2901
2902
1324
380
364
2556
333
3669
461
463
3581
3582
1661
398
386
4058
4061
4062
4063
4064
4065
2626
397
1119
269
331
2603
2346
2347
362
3458
3069
3071
3072
3073
3074
391
425
426
378
2558
328
330
366
4163
467
475
484
455
459
3446
1170
1171
3129
2557
2777
2779
2780
2798
2799
2800
2801
3750
3383
3385
3386
3387
396
472
295
393
3792
3869
246
248
430
4052
392
281
432
2911
2912
303
4125
444
272
2676
264
3448
3462
2667
424
429
431
2962
2970
1569
3115
3523
383
1798
1799
1800
1801
1802
1803
1804
1805
1806
1807
1808
1809
1810
1811
1812
1813
1814
1815
1816
1817
1818
1819
1820
1821
1822
1823
1824
1825
1826
1827
1828
1829
1830
1831
1832
1833
1834
1835
1836
1837
1838
1839
1840
1841
1842
1843
1844
1845
1846
1847
1848
1849
1850
1851
1852
1853
1854
1855
1856
1857
1858
1859
1860
1861
1862
1863
1864
1865
1866
1867
1868
1869
1870
1871
1872
1873
1874
1875
1876
1877
1878
1879
1880
1881
1882
1883
1884
1885
1886
1887
1888
1889
1890
1891
1892
1893
1894
1895
1896
1897
1146
1147
1148
1149
1150
1151
1152
1153
1154
1155
435
258
477
482
488
352
267
365
369
2875
2876
2877
2878
2879
2880
2881
2882
2883
2884
2886
452
367
1665
368
370
298
1094
304
305
309
311
317
3264
3266
3267
3114
2318
2319
2320
2321
2322
2323
2324
2325
2326
2327
2328
4155
4156
4157
4158
4159
4160
4161
4162
4164
4165
4166
4167
464
474
478
483
485
4082
2707
3173
341
409
3037
3154
406
3372
3373
2563
2546
381
387
388
394
414
428
279
1138
2681
1098
1486
1495
1501
1503
1505
1508
1510
1511
1513
1565
1566
3518
3541
1117
2627
2628
2629
3871
3580
257
2601
2408
2417
423
247
259
260
261
262
270
273
275
297
301
306
313
314
315
316
318
336
337
338
345
348
349
350
354
443
479
480
489
490
2702
2974
2975
2976
2978
2979
2980
2986
2987
2988
2989
2990
1653
4001
3538
3539
3426
1563
1564
1567
1568
1579
1299
268
271
283
284
285
286
287
288
351
353
357
358
372
403
410
419
437
438
3161
4048
3242
2678
2679
2906
3029
3374
3375
3376
3377
3378
3379
3380
3381
3382
3391
1124
1125
1126
1128
1129
1130
1139
1118
1132
1133
1134
1141
1142
1143
1160
1161
1162
1120
1121
3945
3578
4078
3572
3573
3575
3576
4110
4051
1656
1659
2154
3488
3148
3536
3537
3532
2043
2045
2046
2048
2564
2532
3049
3517
2247
3721
3290
3872
1688
1075
3498
3499
3500
3501
3502
3503
3504
3505
3506
3507
1655
1657
2696
3149
1562
2533
1481
3524
3059
3520
1663
1666
1667
4017
4018
3146
3159
1694
2586
2565
3151
3024
2668
4044
4045
4046
4047
4049
4050
4053
4054
4055
4056
4057
2547
2910
3140
1697
2870
2871
2872
3666
3542
3544
1574
1576
1577
1578
1580
1581
2421
1432
1433
1434
2821
2822
2823
2824
2825
2826
2827
2828
2829
2830
2831
2832
2833
2834
2835
2836
2837
2838
2839
2840
1284
3076
1570
3007
2409
3719
2537
1654
1658
3856
3857
3858
3859
3860
3861
3862
3863
3864
3865
3866
3867
3868
3870
3874
1431
2636
2149
2150
2151
2152
2153
1689
1668
1671
1672
1673
1674
1675
1676
1677
1678
1679
1680
1681
2635
3291
3292
3293
3294
2639
2673
3519
2680
2641
1077
1078
1079
1080
1081
1082
1083
1084
1085
1086
1087
1088
1089
1090
1091
1092
2042
2044
2047
2588
4015
4019
2493
2972
2634
3102
2632
2567
1424
2488
2489
2490
2491
2492
1662
1715
2568
2865
2866
2867
2868
2869
3121
2513
1690
1476
2690
3559
3741
3039
3040
3042
2543
2544
2548
2549
2550
2551
2552
2553
2554
2555
2560
2561
2562
3172
2574
1184
3813
3814
3815
3816
3817
3818
3819
3820
3791
2584
3789
2412
1096
3063
4177
1429
3841
3843
3844
3845
3846
3847
3138
3150
3152
3160
3025
3026
3027
2705
1669
1670
2528
1714
2665
2657
3158
2197
3262
2645
1095
3768
3833
1430
2708
3746
3428
3429
3430
4113
4099
4074
4076
4077
4079
4080
4083
4084
4085
4086
4087
4088
4089
4090
4091
3934
3935
1734
1046
1047
1048
1049
1050
1051
1052
1053
1054
1055
1056
2410
3461
1703
1704
1705
3260
1291
1428
1696
1996
1997
1998
2000
2001
2002
2003
2004
2005
2006
2007
2008
2009
2010
2012
2013
2014
2016
2017
2019
3315
2675
3577
3579
1298
3046
2654
3077
3078
3079
2685
3982
3987
2633
2637
2638
2193
2194
2195
2196
1682
1683
1684
1686
1687
1695
3047
3050
2717
2691
2692
3314
2959
4103
2903
2904
2905
1304
3529
3694
4010
4011
2661
3695
1427
3075
3919
3920
3921
3922
4106
2569
1348
1378
3663
3664
3665
1396
1391
4127
1383
2595
2598
2602
1927
4111
3510
3163
3164
3165
3166
3167
3169
3170
3171
2847
2848
2849
2850
2851
2852
2853
2854
2855
2856
2857
2858
2859
2860
2861
2862
2863
2864
3692
3693
2596
3838
2693
2694
3839
2957
2958
2960
2961
2963
2964
2965
2966
2967
2968
2969
2971
2973
2735
2736
2737
2738
2739
2740
2741
2742
2743
2744
2745
2746
2747
2748
2749
2750
2751
2752
2753
2754
2755
3099
3835
1571
1572
2592
3834
3400
1057
1058
1059
1060
1061
1062
1063
1064
1065
1066
1067
1068
1069
1070
1071
1072
1389
1472
1473
1474
2514
2515
2516
2517
2518
2519
2520
2521
2522
2523
2524
2525
2526
1380
2527
2529
2530
2534
2535
2536
2538
1294
3832
1361
1346
1349
1376
1379
1302
1342
1345
1356
1359
1393
1397
1368
3836
3837
1315
1320
4068
3690
3560
2915
2916
2917
2920
2921
2922
2923
2924
2925
2926
2927
2928
2929
2930
2931
2932
2933
2934
2935
2936
2937
2938
2939
2940
2941
2942
2943
2944
2945
2946
2947
2948
2949
2950
2991
2992
2993
2994
2995
2996
2997
2999
3004
3735
3736
3738
3739
3740
2583
2670
1178
1179
1180
1426
4139
2585
4028
3513
3514
3515
2642
2646
2671
1335
1352
1372
1375
1414
1417
1444
1447
1408
1323
1400
1411
1362
1387
1388
1405
1406
1367
1395
4173
4174
4175
4176
4178
4179
1297
1925
1928
1930
1931
1967
1968
1969
1970
1973
1974
1975
1977
1988
1989
1991
1992
1993
1994
1303
1305
2157
2159
2160
2161
2162
2163
2164
2165
2166
2167
2168
2169
2170
2171
2172
2173
3830
3447
3194
3248
2411
2413
2414
2416
2419
2420
2909
3130
3261
3043
3045
3048
1351
1371
1374
1334
1413
1416
1443
1446
4214
4216
4218
1407
1313
1328
1331
1419
1436
1363
1364
1292
1386
1404
1347
1377
1439
1369
1343
1357
1394
1338
1999
2011
2015
2018
1316
2709
4070
4071
1425
4126
3064
3912
3913
3914
3915
3916
3917
3918
3923
3924
3525
3526
3527
3528
4006
3155
3398
3399
3402
3403
3405
3406
3407
1285
1287
1288
1718
1736
2689
1336
4012
2686
2687
2688
2577
2578
1366
1344
1358
1392
1384
1319
1296
3563
3564
3565
3566
3567
3568
3569
3570
1716
1717
1724
1725
1735
3128
2718
2719
2720
2721
2722
2723
2724
2725
2726
2727
2728
2729
2730
2731
2732
2733
2734
1301
3310
3312
3313
3316
3317
3318
3319
3824
3825
3006
4037
4038
1325
3905
3906
2591
1521
1524
1525
1526
1527
1529
1530
1531
1532
1533
1534
1535
1536
1537
1538
1539
1541
1542
1543
1544
1545
1546
1321
1398
1409
1353
1306
1309
1421
1365
3765
3766
3767
3769
3770
3058
3056
3057
2674
2677
2682
2683
1719
1720
1721
1722
1723
3826
3827
3828
3829
3831
3153
1401
1402
1370
1373
1333
1350
1412
1415
1442
1445
1312
1327
1330
1418
1435
1385
1403
1438
1360
1337
3028
1726
1727
1728
1729
1730
1731
1732
3022
3023
3137
3540
3394
3395
3396
3397
4100
4104
4105
4107
4007
4008
4009
3880
3881
3887
3899
2756
2757
2758
2759
2760
2761
2762
2763
2764
2765
2766
2767
2768
2769
2770
2771
2772
3496
2373
2374
2378
2379
2380
3060
3061
4067
4069
4072
4073
1322
1399
1410
1314
1329
1332
1420
1437
1293
1307
1308
1310
1311
1354
1355
1422
1423
1390
1440
1441
1381
1340
1341
1295
3224
3225
3226
1317
1318
3216
3217
3218
3219
3222
3223
2776
2778
2781
2782
2783
2784
2785
2786
2787
2788
2789
2790
2791
2792
2793
2794
2795
2796
2797
1300
3062
2658
3101
2802
2803
2804
2805
2806
2807
2808
2809
2810
2811
2812
2813
2814
2815
2816
2817
4219
4220
4221
3691
3670
3671
3534
3097
3098
4122
4124
4096
4097
4098
3511
3512
3030
3031
3032
3033
3034
3035
3036
2593
2594
2597
4092
4093
4094
4095
3495
3668
3209
3211
3212
3213
3600
3601
3602
3603
3604
3605
3606
3607
3421
3422
3423
2643
2644
2647
2648
2649
2650
2651
2652
2653
2655
2656
2659
2660
2662
2664
2666
2669
2672
1266
1267
1268
1269
1270
3454
3455
3456
3457
3674
3675
3676
3200
3201
3202
3203
3204
3205
3206
3207
3208
4169
4170
4171
4172
4059
4060
3044
3726
3727
3728
3729
3730
3731
3732
3733
3734
1926
1929
1932
1933
1934
1935
1936
1937
1938
1939
1940
1941
1942
1943
1944
1945
1946
1947
1948
1949
1950
1951
1952
1953
1954
1955
1956
1957
1958
1959
1960
1961
1962
1963
1964
1965
1966
1971
1972
1976
1978
1979
1980
1981
1982
1983
1984
1985
1986
1987
1990
1995
3788
3790
3687
3688
2604
2587
3793
3794
3795
3796
3797
3798
3799
3800
3801
3802
3803
3804
3805
3806
3807
3808
3809
3810
3811
3812
4213
3546
3642
4109
4112
4114
4115
4116
4118
4119
4120
1326
3643
3644
3645
3716
3717
3718
3720
3722
3723
3724
3229
3230
3231
3232
3233
3234
3235
3236
3237
3238
3239
3240
3241
4203
4204
4205
4206
4207
4208
4209
4210
4211
4130
4131
4132
4133
4134
4135
4136
4138
4140
4141
4144
4145
4146
3998
4152
4153
4154
3993
3994
3995
3996
3997
4190
4191
4192
4194
4195
4196
4197
4198
4199
4200
3243
3244
3245
3246
3247
3249
3250
3251
3253
3254
3255
3256
3257
3258
3259
4029
4030
4031
4032
4033
3408
3409
3410
4034
4035
4036
4039
4040
4041
4042
4043
3999
4000
4002
4003
3936
3937
3938
3547
3548
3549
3550
3551
3552
3554
3555
3556
3557
3175
3176
3177
3178
3179
3180
3181
3182
3183
3184
3185
3186
3187
3188
3189
3190
3191
3192
3193
3195
3196
3197
3198
3199
4013
4014
4016
3103
3104
3105
3107
3108
3109
3110
3111
3112
3113
3118
3120
3122
3123
3124
3125
3126
3431
3432
3433
3434
3435
3436
3437
3438
3439
3441
3443
3444
3445
3449
3450
3451
3452
3453
3052
3053
3901
3902
3903
3904
3907
3908
3910
3911
3925
3926
3927
3928
3929
3930
3931
3932
3939
3940
3941
3942
3943
3944
3463
3464
3465
3466
3467
3468
3469
3470
3471
3472
3473
3474
3475
3476
3477
3478
3479
3480
3481
3482
3483
3484
3485
3486
3487
3490
3491
3492
3493
3494
3392
3875
3876
3877
3878
3879
3882
3883
3884
3885
3886
3888
3889
3890
3891
3892
3893
3894
3895
3896
3897
3898
3900
3131
3132
3133
3134
3135
3136
3139
3141
3142
3143
3144
3156
