924
411
35
637
310
713
281
784
412
419
816
618
801
89
452
755
808
863
543
486
566
795
838
113
280
434
589
588
468
685
413
423
451
602
609
700
796
800
810
573
867
947
1
303
186
946
923
995
125
399
114
913
20
994
925
895
29
872
880
293
391
439
33
891
932
928
27
312
749
912
118
18
10
477
887
476
499
120
123
22
38
39
40
41
42
43
44
61
65
66
72
78
79
81
82
892
950
804
807
37
949
914
915
478
479
416
402
823
403
404
405
406
407
420
398
450
31
21
32
74
909
926
417
655
376
392
394
395
396
474
754
25
969
96
809
67
884
722
942
368
377
378
379
380
381
382
383
384
385
386
387
388
390
393
817
818
897
873
299
718
819
876
693
121
410
906
756
353
257
687
584
885
903
497
839
124
740
820
16
993
509
75
648
680
814
996
97
934
961
436
498
579
776
361
849
878
822
356
716
300
666
850
51
821
107
659
254
657
610
71
815
296
103
104
255
998
422
421
30
824
825
826
827
828
829
830
763
28
714
777
911
955
670
305
306
433
638
357
223
69
639
640
641
642
643
645
658
660
661
662
663
664
665
667
668
671
673
675
676
678
679
681
190
508
191
683
291
292
288
289
290
80
199
893
614
256
644
647
656
669
672
674
677
50
429
735
901
295
26
812
701
324
937
753
841
813
6
7
9
857
858
859
860
861
862
864
865
866
883
888
916
917
943
951
17
568
881
343
415
23
45
46
47
48
49
68
70
73
76
77
83
908
308
785
918
688
447
551
309
297
279
870
970
302
578
851
802
359
879
294
999
323
339
973
301
24
304
307
964
992
766
871
105
106
553
758
347
418
34
397
759
760
765
767
768
769
770
771
772
773
774
463
626
325
559
833
471
697
260
328
519
84
85
86
469
470
580
352
362
366
990
354
360
831
582
472
686
936
262
557
560
358
711
615
462
803
798
799
738
635
424
649
653
654
848
473
232
624
91
335
931
344
562
336
751
723
724
581
746
832
788
492
493
494
495
691
3
919
982
506
507
342
317
268
487
488
489
490
373
316
330
333
349
389
315
319
334
750
617
102
110
264
454
455
460
899
900
590
374
600
975
370
372
625
902
375
320
367
4
731
466
894
939
369
572
958
364
314
298
783
371
840
842
843
844
940
248
259
449
622
623
792
985
986
786
313
318
252
845
591
592
593
594
595
596
597
598
599
601
251
409
467
491
516
877
954
966
261
327
331
337
340
355
11
715
717
719
720
896
929
930
956
957
959
960
962
965
967
968
1000
997
438
276
329
475
707
721
761
764
363
853
855
321
345
941
953
898
921
944
430
431
515
787
636
651
652
481
348
322
326
351
332
350
338
341
365
90
646
650
963
980
101
453
456
457
458
459
461
889
890
907
910
920
935
945
952
620
938
485
694
742
743
747
757
805
806
854
778
780
695
979
977
464
605
708
561
58
604
606
514
137
234
608
284
240
152
575
984
14
448
482
133
444
705
236
545
739
52
53
54
55
56
57
59
60
62
63
64
135
139
197
201
226
496
235
428
570
727
744
571
734
148
160
165
182
194
195
218
752
129
143
150
163
164
167
170
172
206
233
238
250
88
789
564
587
611
836
633
689
704
741
512
603
8
126
127
128
130
131
132
134
136
138
140
141
142
144
145
146
147
149
151
153
154
155
157
158
159
161
162
166
168
169
171
173
174
175
176
177
178
179
180
181
183
184
185
187
188
189
192
193
196
198
200
202
203
204
205
207
208
209
210
211
212
213
214
215
216
217
219
220
221
222
224
225
227
228
229
230
231
237
239
241
242
243
244
246
247
249
748
811
19
156
245
619
621
627
628
629
630
631
437
948
729
546
432
797
513
441
782
253
445
517
684
122
978
425
426
427
465
484
511
558
574
583
612
634
696
699
702
712
726
730
736
745
794
834
847
852
856
524
535
527
273
443
480
510
544
567
607
613
616
690
692
733
791
793
835
846
440
549
577
548
682
703
737
442
483
271
563
971
552
275
565
530
837
12
94
98
100
116
267
286
287
974
983
991
569
2
5
13
15
87
92
93
95
99
108
109
111
112
115
117
119
258
263
265
266
269
270
272
274
277
278
282
283
285
400
401
408
446
500
501
502
503
504
505
518
520
521
522
523
525
526
528
529
531
532
533
534
536
537
538
539
540
541
542
547
550
554
555
556
576
585
586
632
698
706
709
710
725
728
732
775
779
781
790
868
869
874
875
882
904
905
922
927
972
976
981
987
988
989
36
311
346
414
435
762
886
933
