1	137
1	130
1	71
1	2
1	3
1	10
1	28
1	108
1	90
1	38
1	167
1	193
1	177
1	106
1	17
1	126
1	119
1	107
1	178
1	145
1	33
1	7
1	185
1	189
1	180
1	181
1	114
1	29
1	186
1	158
1	8
1	147
1	146
1	49
1	144
1	149
1	103
1	148
1	40
2	137
2	130
2	71
2	2
2	3
2	10
2	28
2	108
2	90
2	38
2	167
2	193
2	177
2	106
2	17
2	126
2	119
2	107
2	178
2	145
2	33
2	7
2	185
2	189
2	180
2	181
2	114
2	29
2	186
2	6
2	4
2	11
2	165
2	5
2	14
2	149
2	194
2	99
2	41
2	22
2	16
2	195
2	156
2	131
3	137
3	130
3	71
3	2
3	3
3	10
3	28
3	108
3	90
3	38
3	167
3	193
3	177
3	106
3	17
3	126
3	119
3	107
3	178
3	145
3	33
3	7
3	185
3	189
3	180
3	181
3	114
3	29
3	186
3	154
3	163
3	26
3	172
3	164
3	166
3	183
3	184
3	200
3	199
3	198
3	37
3	134
3	168
3	125
3	160
3	159
3	31
3	170
3	9
3	14
3	149
3	194
3	99
3	41
3	22
3	16
3	195
3	165
3	156
3	131
4	137
4	130
4	71
4	2
4	3
4	10
4	28
4	108
4	90
4	38
4	167
4	193
4	177
4	106
4	17
4	126
4	119
4	107
4	178
4	145
4	33
4	7
4	185
4	189
4	180
4	181
4	114
4	29
4	186
4	14
4	149
4	194
4	99
4	41
4	22
4	16
4	195
4	165
4	156
4	131
5	137
5	130
5	71
5	2
5	3
5	10
5	28
5	108
5	90
5	38
5	167
5	193
5	177
5	106
5	17
5	126
5	119
5	107
5	178
5	145
5	33
5	7
5	185
5	189
5	180
5	181
5	114
5	29
5	186
5	14
5	149
5	194
5	99
5	41
5	22
5	16
5	195
5	165
5	156
5	131
6	137
6	130
6	71
6	2
6	3
6	10
6	28
6	108
6	90
6	38
6	167
6	193
6	177
6	106
6	17
6	126
6	119
6	107
6	178
6	145
6	33
6	7
6	185
6	189
6	180
6	181
6	114
6	29
6	186
6	14
6	149
6	194
6	99
6	41
6	22
6	16
6	195
6	165
6	156
6	131
7	137
7	130
7	71
7	2
7	3
7	10
7	28
7	108
7	90
7	38
7	167
7	193
7	177
7	106
7	17
7	126
7	119
7	107
7	178
7	145
7	33
7	7
7	185
7	189
7	180
7	181
7	114
7	29
7	186
7	14
7	149
7	194
7	99
7	41
7	22
7	16
7	195
7	165
7	156
7	131
8	137
8	130
8	71
8	2
8	3
8	10
8	28
8	108
8	90
8	38
8	167
8	193
8	177
8	106
8	17
8	126
8	119
8	107
8	178
8	145
8	33
8	7
8	185
8	189
8	180
8	181
8	114
8	29
8	186
8	8
8	98
8	4
8	166
8	149
8	131
9	137
9	130
9	71
9	2
9	3
9	10
9	28
9	108
9	90
9	38
9	167
9	193
9	177
9	106
9	17
9	126
9	119
9	107
9	178
9	145
9	33
9	7
9	185
9	189
9	180
9	181
9	114
9	29
9	186
9	9
10	137
10	130
10	71
10	2
10	3
10	10
10	28
10	108
10	90
10	38
10	167
10	193
10	177
10	106
10	17
10	126
10	119
10	107
10	178
10	145
10	33
10	7
10	185
10	189
10	180
10	181
10	114
10	29
10	186
10	194
10	19
10	150
10	99
10	100
10	101
10	41
10	50
10	51
10	188
10	190
10	187
10	182
10	195
10	196
10	132
11	71
11	11
11	193
11	167
11	17
11	126
11	107
11	100
11	101
11	188
11	190
11	187
12	137
12	130
12	71
12	2
12	3
12	10
12	28
12	108
12	90
12	38
12	167
12	193
12	177
12	106
12	17
12	126
12	119
12	107
12	178
12	145
12	33
12	7
12	185
12	189
12	180
12	181
12	114
12	29
12	186
12	12
13	137
13	130
13	71
13	2
13	3
13	10
13	28
13	108
13	90
13	38
13	167
13	193
13	177
13	106
13	17
13	126
13	119
13	107
13	178
13	145
13	33
13	7
13	185
13	189
13	180
13	181
13	114
13	29
13	186
13	128
13	13
14	137
14	130
14	71
14	2
14	3
14	10
14	28
14	108
14	90
14	38
14	167
14	193
14	177
14	106
14	17
14	126
14	119
14	107
14	178
14	145
14	33
14	7
14	185
14	189
14	180
14	181
14	114
14	29
14	186
15	137
15	130
15	71
15	2
15	3
15	10
15	28
15	108
15	90
15	38
15	167
15	193
15	177
15	106
15	17
15	126
15	119
15	107
15	178
15	145
15	33
15	7
15	185
15	189
15	180
15	181
15	114
15	29
15	186
15	15
16	22
17	137
17	130
17	71
17	2
17	3
17	10
17	28
17	108
17	90
17	38
17	167
17	193
17	177
17	106
17	17
17	126
17	119
17	107
17	178
17	145
17	33
17	7
17	185
17	189
17	180
17	181
17	114
17	29
17	186
19	137
19	130
19	71
19	2
19	3
19	10
19	28
19	108
19	90
19	38
19	167
19	193
19	177
19	106
19	17
19	126
19	119
19	107
19	178
19	145
19	33
19	7
19	185
19	189
19	180
19	181
19	114
19	29
19	186
19	19
19	137
19	130
19	71
19	2
19	3
19	10
19	28
19	108
19	90
19	38
19	167
19	193
19	177
19	106
19	17
19	126
19	119
19	107
19	178
19	145
19	33
19	7
19	185
19	189
19	180
19	181
19	114
19	29
19	186
19	187
19	100
20	137
20	130
20	71
20	2
20	3
20	10
20	28
20	108
20	90
20	38
20	167
20	193
20	177
20	106
20	17
20	126
20	119
20	107
20	178
20	145
20	33
20	7
20	185
20	189
20	180
20	181
20	114
20	29
20	186
20	88
20	20
21	137
21	130
21	71
21	2
21	3
21	10
21	28
21	108
21	90
21	38
21	167
21	193
21	177
21	106
21	17
21	126
21	119
21	107
21	178
21	145
21	33
21	7
21	185
21	189
21	180
21	181
21	114
21	29
21	186
21	21
21	19
21	98
21	138
21	170
21	9
21	115
22	0
23	137
23	130
23	71
23	2
23	3
23	10
23	28
23	108
23	90
23	38
23	167
23	193
23	177
23	106
23	17
23	126
23	119
23	107
23	178
23	145
23	33
23	7
23	185
23	189
23	180
23	181
23	114
23	29
23	186
23	23
23	79
23	85
24	137
24	130
24	71
24	2
24	3
24	10
24	28
24	108
24	90
24	38
24	167
24	193
24	177
24	106
24	17
24	126
24	119
24	107
24	178
24	145
24	33
24	7
24	185
24	189
24	180
24	181
24	114
24	29
24	186
24	128
24	24
24	88
25	137
25	130
25	71
25	2
25	3
25	10
25	28
25	108
25	90
25	38
25	167
25	193
25	177
25	106
25	17
25	126
25	119
25	107
25	178
25	145
25	33
25	7
25	185
25	189
25	180
25	181
25	114
25	29
25	186
25	157
25	124
25	98
26	137
26	130
26	71
26	2
26	3
26	10
26	28
26	108
26	90
26	38
26	167
26	193
26	177
26	106
26	17
26	126
26	119
26	107
26	178
26	145
26	33
26	7
26	185
26	189
26	180
26	181
26	114
26	29
26	186
26	26
27	137
27	130
27	71
27	2
27	3
27	10
27	28
27	108
27	90
27	38
27	167
27	193
27	177
27	106
27	17
27	126
27	119
27	107
27	178
27	145
27	33
27	7
27	185
27	189
27	180
27	181
27	114
27	29
27	186
27	27
28	137
28	130
28	71
28	2
28	3
28	10
28	28
28	108
28	90
28	38
28	167
28	193
28	177
28	106
28	17
28	126
28	119
28	107
28	178
28	145
28	33
28	7
28	185
28	189
28	180
28	181
28	114
28	29
28	186
28	187
28	39
28	6
28	191
28	22
28	95
28	87
28	196
28	188
28	54
28	32
28	149
28	131
29	137
29	130
29	71
29	2
29	3
29	10
29	28
29	108
29	90
29	38
29	167
29	193
29	177
29	106
29	17
29	126
29	119
29	107
29	178
29	145
29	33
29	7
29	185
29	189
29	180
29	181
29	114
29	29
29	186
29	56
29	143
29	182
30	137
30	130
30	71
30	2
30	3
30	10
30	28
30	108
30	90
30	38
30	167
30	193
30	177
30	106
30	17
30	126
30	119
30	107
30	178
30	145
30	33
30	7
30	185
30	189
30	180
30	181
30	114
30	29
30	186
30	124
30	30
30	111
30	110
30	109
31	137
31	130
31	71
31	2
31	3
31	10
31	28
31	108
31	90
31	38
31	167
31	193
31	177
31	106
31	17
31	126
31	119
31	107
31	178
31	145
31	33
31	7
31	185
31	189
31	180
31	181
31	114
31	29
31	186
31	31
32	137
32	130
32	71
32	2
32	3
32	10
32	28
32	108
32	90
32	38
32	167
32	193
32	177
32	106
32	17
32	126
32	119
32	107
32	178
32	145
32	33
32	7
32	185
32	189
32	180
32	181
32	114
32	29
32	186
33	137
33	130
33	71
33	2
33	3
33	10
33	28
33	108
33	90
33	38
33	167
33	193
33	177
33	106
33	17
33	126
33	119
33	107
33	178
33	145
33	33
33	7
33	185
33	189
33	180
33	181
33	114
33	29
33	186
34	137
34	130
34	71
34	2
34	3
34	10
34	28
34	108
34	90
34	38
34	167
34	193
34	177
34	106
34	17
34	126
34	119
34	107
34	178
34	145
34	33
34	7
34	185
34	189
34	180
34	181
34	114
34	29
34	186
34	34
35	137
35	130
35	71
35	2
35	3
35	10
35	28
35	108
35	90
35	38
35	167
35	193
35	177
35	106
35	17
35	126
35	119
35	107
35	178
35	145
35	33
35	7
35	185
35	189
35	180
35	181
35	114
35	29
35	186
35	128
35	35
36	137
36	130
36	71
36	2
36	3
36	10
36	28
36	108
36	90
36	38
36	167
36	193
36	177
36	106
36	17
36	126
36	119
36	107
36	178
36	145
36	33
36	7
36	185
36	189
36	180
36	181
36	114
36	29
36	186
36	36
36	194
36	98
36	19
37	137
37	130
37	71
37	2
37	3
37	10
37	28
37	108
37	90
37	38
37	167
37	193
37	177
37	106
37	17
37	126
37	119
37	107
37	178
37	145
37	33
37	7
37	185
37	189
37	180
37	181
37	114
37	29
37	186
37	131
38	137
38	130
38	71
38	2
38	3
38	10
38	28
38	108
38	90
38	38
38	167
38	193
38	177
38	106
38	17
38	126
38	119
38	107
38	178
38	145
38	33
38	7
38	185
38	189
38	180
38	181
38	114
38	29
38	186
38	131
39	137
39	130
39	71
39	2
39	3
39	10
39	28
39	108
39	90
39	38
39	167
39	193
39	177
39	106
39	17
39	126
39	119
39	107
39	178
39	145
39	33
39	7
39	185
39	189
39	180
39	181
39	114
39	29
39	186
39	131
40	137
40	130
40	71
40	2
40	3
40	10
40	28
40	108
40	90
40	38
40	167
40	193
40	177
40	106
40	17
40	126
40	119
40	107
40	178
40	145
40	33
40	7
40	185
40	189
40	180
40	181
40	114
40	29
40	186
40	40
40	194
40	98
40	42
40	163
40	187
41	137
41	130
41	71
41	2
41	3
41	10
41	28
41	108
41	90
41	38
41	167
41	193
41	177
41	106
41	17
41	126
41	119
41	107
41	178
41	145
41	33
41	7
41	185
41	189
41	180
41	181
41	114
41	29
41	186
42	137
42	130
42	71
42	2
42	3
42	10
42	28
42	108
42	90
42	38
42	167
42	193
42	177
42	106
42	17
42	126
42	119
42	107
42	178
42	145
42	33
42	7
42	185
42	189
42	180
42	181
42	114
42	29
42	186
43	137
43	130
43	71
43	2
43	3
43	10
43	28
43	108
43	90
43	38
43	167
43	193
43	177
43	106
43	17
43	126
43	119
43	107
43	178
43	145
43	33
43	7
43	185
43	189
43	180
43	181
43	114
43	29
43	186
43	85
43	19
44	137
44	130
44	71
44	2
44	3
44	10
44	28
44	108
44	90
44	38
44	167
44	193
44	177
44	106
44	17
44	126
44	119
44	107
44	178
44	145
44	33
44	7
44	185
44	189
44	180
44	181
44	114
44	29
44	186
45	137
45	130
45	71
45	2
45	3
45	10
45	28
45	108
45	90
45	38
45	167
45	193
45	177
45	106
45	17
45	126
45	119
45	107
45	178
45	145
45	33
45	7
45	185
45	189
45	180
45	181
45	114
45	29
45	186
46	137
46	130
46	71
46	2
46	3
46	10
46	28
46	108
46	90
46	38
46	167
46	193
46	177
46	106
46	17
46	126
46	119
46	107
46	178
46	145
46	33
46	7
46	185
46	189
46	180
46	181
46	114
46	29
46	186
47	137
47	130
47	71
47	2
47	3
47	10
47	28
47	108
47	90
47	38
47	167
47	193
47	177
47	106
47	17
47	126
47	119
47	107
47	178
47	145
47	33
47	7
47	185
47	189
47	180
47	181
47	114
47	29
47	186
48	137
48	130
48	71
48	2
48	3
48	10
48	28
48	108
48	90
48	38
48	167
48	193
48	177
48	106
48	17
48	126
48	119
48	107
48	178
48	145
48	33
48	7
48	185
48	189
48	180
48	181
48	114
48	29
48	186
49	137
49	130
49	71
49	2
49	3
49	10
49	28
49	108
49	90
49	38
49	167
49	193
49	177
49	106
49	17
49	126
49	119
49	107
49	178
49	145
49	33
49	7
49	185
49	189
49	180
49	181
49	114
49	29
49	186
50	137
50	130
50	71
50	2
50	3
50	10
50	28
50	108
50	90
50	38
50	167
50	193
50	177
50	106
50	17
50	126
50	119
50	107
50	178
50	145
50	33
50	7
50	185
50	189
50	180
50	181
50	114
50	29
50	186
51	137
51	130
51	71
51	2
51	3
51	10
51	28
51	108
51	90
51	38
51	167
51	193
51	177
51	106
51	17
51	126
51	119
51	107
51	178
51	145
51	33
51	7
51	185
51	189
51	180
51	181
51	114
51	29
51	186
52	137
52	130
52	71
52	2
52	3
52	10
52	28
52	108
52	90
52	38
52	167
52	193
52	177
52	106
52	17
52	126
52	119
52	107
52	178
52	145
52	33
52	7
52	185
52	189
52	180
52	181
52	114
52	29
52	186
52	52
52	174
53	137
53	130
53	71
53	2
53	3
53	10
53	28
53	108
53	90
53	38
53	167
53	193
53	177
53	106
53	17
53	126
53	119
53	107
53	178
53	145
53	33
53	7
53	185
53	189
53	180
53	181
53	114
53	29
53	186
54	137
54	130
54	71
54	2
54	3
54	10
54	28
54	108
54	90
54	38
54	167
54	193
54	177
54	106
54	17
54	126
54	119
54	107
54	178
54	145
54	33
54	7
54	185
54	189
54	180
54	181
54	114
54	29
54	186
55	137
55	130
55	71
55	2
55	3
55	10
55	28
55	108
55	90
55	38
55	167
55	193
55	177
55	106
55	17
55	126
55	119
55	107
55	178
55	145
55	33
55	7
55	185
55	189
55	180
55	181
55	114
55	29
55	186
55	58
55	69
56	137
56	130
56	71
56	2
56	3
56	10
56	28
56	108
56	90
56	38
56	167
56	193
56	177
56	106
56	17
56	126
56	119
56	107
56	178
56	145
56	33
56	7
56	185
56	189
56	180
56	181
56	114
56	29
56	186
57	137
57	130
57	71
57	2
57	3
57	10
57	28
57	108
57	90
57	38
57	167
57	193
57	177
57	106
57	17
57	126
57	119
57	107
57	178
57	145
57	33
57	7
57	185
57	189
57	180
57	181
57	114
57	29
57	186
58	137
58	130
58	71
58	2
58	3
58	10
58	28
58	108
58	90
58	38
58	167
58	193
58	177
58	106
58	17
58	126
58	119
58	107
58	178
58	145
58	33
58	7
58	185
58	189
58	180
58	181
58	114
58	29
58	186
58	1
59	137
59	130
59	71
59	2
59	3
59	10
59	28
59	108
59	90
59	38
59	167
59	193
59	177
59	106
59	17
59	126
59	119
59	107
59	178
59	145
59	33
59	7
59	185
59	189
59	180
59	181
59	114
59	29
59	186
60	137
60	130
60	71
60	2
60	3
60	10
60	28
60	108
60	90
60	38
60	167
60	193
60	177
60	106
60	17
60	126
60	119
60	107
60	178
60	145
60	33
60	7
60	185
60	189
60	180
60	181
60	114
60	29
60	186
60	61
61	137
61	130
61	71
61	2
61	3
61	10
61	28
61	108
61	90
61	38
61	167
61	193
61	177
61	106
61	17
61	126
61	119
61	107
61	178
61	145
61	33
61	7
61	185
61	189
61	180
61	181
61	114
61	29
61	186
62	0
63	137
63	130
63	71
63	2
63	3
63	10
63	28
63	108
63	90
63	38
63	167
63	193
63	177
63	106
63	17
63	126
63	119
63	107
63	178
63	145
63	33
63	7
63	185
63	189
63	180
63	181
63	114
63	29
63	186
64	0
65	137
65	130
65	71
65	2
65	3
65	10
65	28
65	108
65	90
65	38
65	167
65	193
65	177
65	106
65	17
65	126
65	119
65	107
65	178
65	145
65	33
65	7
65	185
65	189
65	180
65	181
65	114
65	29
65	186
66	137
66	130
66	71
66	2
66	3
66	10
66	28
66	108
66	90
66	38
66	167
66	193
66	177
66	106
66	17
66	126
66	119
66	107
66	178
66	145
66	33
66	7
66	185
66	189
66	180
66	181
66	114
66	29
66	186
67	137
67	130
67	71
67	2
67	3
67	10
67	28
67	108
67	90
67	38
67	167
67	193
67	177
67	106
67	17
67	126
67	119
67	107
67	178
67	145
67	33
67	7
67	185
67	189
67	180
67	181
67	114
67	29
67	186
68	137
68	130
68	71
68	2
68	3
68	10
68	28
68	108
68	90
68	38
68	167
68	193
68	177
68	106
68	17
68	126
68	119
68	107
68	178
68	145
68	33
68	7
68	185
68	189
68	180
68	181
68	114
68	29
68	186
69	137
69	130
69	71
69	2
69	3
69	10
69	28
69	108
69	90
69	38
69	167
69	193
69	177
69	106
69	17
69	126
69	119
69	107
69	178
69	145
69	33
69	7
69	185
69	189
69	180
69	181
69	114
69	29
69	186
70	137
70	130
70	71
70	2
70	3
70	10
70	28
70	108
70	90
70	38
70	167
70	193
70	177
70	106
70	17
70	126
70	119
70	107
70	178
70	145
70	33
70	7
70	185
70	189
70	180
70	181
70	114
70	29
70	186
71	137
71	130
71	71
71	2
71	3
71	10
71	28
71	108
71	90
71	38
71	167
71	193
71	177
71	106
71	17
71	126
71	119
71	107
71	178
71	145
71	33
71	7
71	185
71	189
71	180
71	181
71	114
71	29
71	186
71	120
72	137
72	130
72	71
72	2
72	3
72	10
72	28
72	108
72	90
72	38
72	167
72	193
72	177
72	106
72	17
72	126
72	119
72	107
72	178
72	145
72	33
72	7
72	185
72	189
72	180
72	181
72	114
72	29
72	186
72	128
72	72
73	137
73	130
73	71
73	2
73	3
73	10
73	28
73	108
73	90
73	38
73	167
73	193
73	177
73	106
73	17
73	126
73	119
73	107
73	178
73	145
73	33
73	7
73	185
73	189
73	180
73	181
73	114
73	29
73	186
73	73
73	85
74	137
74	130
74	71
74	2
74	3
74	10
74	28
74	108
74	90
74	38
74	167
74	193
74	177
74	106
74	17
74	126
74	119
74	107
74	178
74	145
74	33
74	7
74	185
74	189
74	180
74	181
74	114
74	29
74	186
74	74
75	137
75	130
75	71
75	2
75	3
75	10
75	28
75	108
75	90
75	38
75	167
75	193
75	177
75	106
75	17
75	126
75	119
75	107
75	178
75	145
75	33
75	7
75	185
75	189
75	180
75	181
75	114
75	29
75	186
75	74
76	137
76	130
76	71
76	2
76	3
76	10
76	28
76	108
76	90
76	38
76	167
76	193
76	177
76	106
76	17
76	126
76	119
76	107
76	178
76	145
76	33
76	7
76	185
76	189
76	180
76	181
76	114
76	29
76	186
76	88
76	76
76	19
77	0
78	1
78	165
78	185
78	177
78	38
78	167
78	90
78	71
79	137
79	130
79	71
79	2
79	3
79	10
79	28
79	108
79	90
79	38
79	167
79	193
79	177
79	106
79	17
79	126
79	119
79	107
79	178
79	145
79	33
79	7
79	185
79	189
79	180
79	181
79	114
79	29
79	186
79	79
79	85
79	73
79	81
79	98
80	137
80	130
80	71
80	2
80	3
80	10
80	28
80	108
80	90
80	38
80	167
80	193
80	177
80	106
80	17
80	126
80	119
80	107
80	178
80	145
80	33
80	7
80	185
80	189
80	180
80	181
80	114
80	29
80	186
80	80
80	122
80	21
80	85
81	137
81	130
81	71
81	2
81	3
81	10
81	28
81	108
81	90
81	38
81	167
81	193
81	177
81	106
81	17
81	126
81	119
81	107
81	178
81	145
81	33
81	7
81	185
81	189
81	180
81	181
81	114
81	29
81	186
81	81
81	85
82	137
82	130
82	71
82	2
82	3
82	10
82	28
82	108
82	90
82	38
82	167
82	193
82	177
82	106
82	17
82	126
82	119
82	107
82	178
82	145
82	33
82	7
82	185
82	189
82	180
82	181
82	114
82	29
82	186
82	81
82	85
83	137
83	130
83	71
83	2
83	3
83	10
83	28
83	108
83	90
83	38
83	167
83	193
83	177
83	106
83	17
83	126
83	119
83	107
83	178
83	145
83	33
83	7
83	185
83	189
83	180
83	181
83	114
83	29
83	186
83	81
83	85
84	137
84	130
84	71
84	2
84	3
84	10
84	28
84	108
84	90
84	38
84	167
84	193
84	177
84	106
84	17
84	126
84	119
84	107
84	178
84	145
84	33
84	7
84	185
84	189
84	180
84	181
84	114
84	29
84	186
84	81
84	85
85	137
85	130
85	71
85	2
85	3
85	10
85	28
85	108
85	90
85	38
85	167
85	193
85	177
85	106
85	17
85	126
85	119
85	107
85	178
85	145
85	33
85	7
85	185
85	189
85	180
85	181
85	114
85	29
85	186
85	85
85	79
85	73
85	81
86	137
86	130
86	71
86	2
86	3
86	10
86	28
86	108
86	90
86	38
86	167
86	193
86	177
86	106
86	17
86	126
86	119
86	107
86	178
86	145
86	33
86	7
86	185
86	189
86	180
86	181
86	114
86	29
86	186
86	86
87	137
87	130
87	71
87	2
87	3
87	10
87	28
87	108
87	90
87	38
87	167
87	193
87	177
87	106
87	17
87	126
87	119
87	107
87	178
87	145
87	33
87	7
87	185
87	189
87	180
87	181
87	114
87	29
87	186
87	87
88	137
88	130
88	71
88	2
88	3
88	10
88	28
88	108
88	90
88	38
88	167
88	193
88	177
88	106
88	17
88	126
88	119
88	107
88	178
88	145
88	33
88	7
88	185
88	189
88	180
88	181
88	114
88	29
88	186
88	88
89	137
89	130
89	71
89	2
89	3
89	10
89	28
89	108
89	90
89	38
89	167
89	193
89	177
89	106
89	17
89	126
89	119
89	107
89	178
89	145
89	33
89	7
89	185
89	189
89	180
89	181
89	114
89	29
89	186
89	89
90	137
90	130
90	71
90	2
90	3
90	10
90	28
90	108
90	90
90	38
90	167
90	193
90	177
90	106
90	17
90	126
90	119
90	107
90	178
90	145
90	33
90	7
90	185
90	189
90	180
90	181
90	114
90	29
90	186
90	128
90	153
90	141
90	13
90	24
90	94
90	151
90	161
90	93
90	129
90	27
90	35
90	155
90	72
90	152
90	102
90	21
90	174
90	173
90	15
90	12
90	74
90	77
90	89
90	92
90	97
90	104
90	105
90	121
90	122
90	123
90	127
90	157
90	162
90	169
90	176
90	75
90	52
90	112
90	113
90	118
90	140
90	117
90	179
90	42
90	48
90	43
90	44
90	45
90	46
90	190
90	47
90	53
90	85
90	79
90	73
90	81
90	86
90	82
90	80
90	143
90	23
90	78
90	116
90	83
90	84
90	88
90	20
90	197
90	34
90	36
90	76
90	133
90	139
90	192
90	136
90	135
90	98
90	124
90	67
90	175
90	25
90	142
90	109
90	30
90	110
90	111
90	55
90	58
90	63
90	65
90	70
90	66
90	64
90	59
90	68
90	61
90	62
90	57
90	69
90	60
90	56
90	41
90	131
91	0
92	137
92	130
92	71
92	2
92	3
92	10
92	28
92	108
92	90
92	38
92	167
92	193
92	177
92	106
92	17
92	126
92	119
92	107
92	178
92	145
92	33
92	7
92	185
92	189
92	180
92	181
92	114
92	29
92	186
92	92
92	103
92	115
92	9
92	191
93	137
93	130
93	71
93	2
93	3
93	10
93	28
93	108
93	90
93	38
93	167
93	193
93	177
93	106
93	17
93	126
93	119
93	107
93	178
93	145
93	33
93	7
93	185
93	189
93	180
93	181
93	114
93	29
93	186
93	128
93	93
94	137
94	130
94	71
94	2
94	3
94	10
94	28
94	108
94	90
94	38
94	167
94	193
94	177
94	106
94	17
94	126
94	119
94	107
94	178
94	145
94	33
94	7
94	185
94	189
94	180
94	181
94	114
94	29
94	186
94	128
94	94
95	137
95	130
95	71
95	2
95	3
95	10
95	28
95	108
95	90
95	38
95	167
95	193
95	177
95	106
95	17
95	126
95	119
95	107
95	178
95	145
95	33
95	7
95	185
95	189
95	180
95	181
95	114
95	29
95	186
95	95
96	0
97	0
98	137
98	130
98	71
98	2
98	3
98	10
98	28
98	108
98	90
98	38
98	167
98	193
98	177
98	106
98	17
98	126
98	119
98	107
98	178
98	145
98	33
98	7
98	185
98	189
98	180
98	181
98	114
98	29
98	186
98	98
98	99
98	100
98	101
99	137
99	130
99	71
99	2
99	3
99	10
99	28
99	108
99	90
99	38
99	167
99	193
99	177
99	106
99	17
99	126
99	119
99	107
99	178
99	145
99	33
99	7
99	185
99	189
99	180
99	181
99	114
99	29
99	186
99	100
100	137
100	130
100	71
100	2
100	3
100	10
100	28
100	108
100	90
100	38
100	167
100	193
100	177
100	106
100	17
100	126
100	119
100	107
100	178
100	145
100	33
100	7
100	185
100	189
100	180
100	181
100	114
100	29
100	186
100	196
101	137
101	130
101	71
101	2
101	3
101	10
101	28
101	108
101	90
101	38
101	167
101	193
101	177
101	106
101	17
101	126
101	119
101	107
101	178
101	145
101	33
101	7
101	185
101	189
101	180
101	181
101	114
101	29
101	186
101	101
102	137
102	130
102	71
102	2
102	3
102	10
102	28
102	108
102	90
102	38
102	167
102	193
102	177
102	106
102	17
102	126
102	119
102	107
102	178
102	145
102	33
102	7
102	185
102	189
102	180
102	181
102	114
102	29
102	186
102	102
103	137
103	130
103	71
103	2
103	3
103	10
103	28
103	108
103	90
103	38
103	167
103	193
103	177
103	106
103	17
103	126
103	119
103	107
103	178
103	145
103	33
103	7
103	185
103	189
103	180
103	181
103	114
103	29
103	186
103	103
103	56
104	0
105	137
105	130
105	71
105	2
105	3
105	10
105	28
105	108
105	90
105	38
105	167
105	193
105	177
105	106
105	17
105	126
105	119
105	107
105	178
105	145
105	33
105	7
105	185
105	189
105	180
105	181
105	114
105	29
105	186
106	137
106	130
106	71
106	2
106	3
106	10
106	28
106	108
106	90
106	38
106	167
106	193
106	177
106	106
106	17
106	126
106	119
106	107
106	178
106	145
106	33
106	7
106	185
106	189
106	180
106	181
106	114
106	29
106	186
106	138
106	91
106	19
106	115
106	9
107	0
108	137
108	130
108	71
108	2
108	3
108	10
108	28
108	108
108	90
108	38
108	167
108	193
108	177
108	106
108	17
108	126
108	119
108	107
108	178
108	145
108	33
108	7
108	185
108	189
108	180
108	181
108	114
108	29
108	186
108	138
108	91
108	19
108	115
108	9
109	137
109	130
109	71
109	2
109	3
109	10
109	28
109	108
109	90
109	38
109	167
109	193
109	177
109	106
109	17
109	126
109	119
109	107
109	178
109	145
109	33
109	7
109	185
109	189
109	180
109	181
109	114
109	29
109	186
109	124
109	109
109	111
109	110
109	30
110	137
110	130
110	71
110	2
110	3
110	10
110	28
110	108
110	90
110	38
110	167
110	193
110	177
110	106
110	17
110	126
110	119
110	107
110	178
110	145
110	33
110	7
110	185
110	189
110	180
110	181
110	114
110	29
110	186
110	124
110	110
110	30
111	137
111	130
111	71
111	2
111	3
111	10
111	28
111	108
111	90
111	38
111	167
111	193
111	177
111	106
111	17
111	126
111	119
111	107
111	178
111	145
111	33
111	7
111	185
111	189
111	180
111	181
111	114
111	29
111	186
111	111
111	124
111	110
111	109
111	30
112	137
112	130
112	71
112	2
112	3
112	10
112	28
112	108
112	90
112	38
112	167
112	193
112	177
112	106
112	17
112	126
112	119
112	107
112	178
112	145
112	33
112	7
112	185
112	189
112	180
112	181
112	114
112	29
112	186
112	112
112	21
113	137
113	130
113	71
113	2
113	3
113	10
113	28
113	108
113	90
113	38
113	167
113	193
113	177
113	106
113	17
113	126
113	119
113	107
113	178
113	145
113	33
113	7
113	185
113	189
113	180
113	181
113	114
113	29
113	186
113	113
114	137
114	130
114	71
114	2
114	3
114	10
114	28
114	108
114	90
114	38
114	167
114	193
114	177
114	106
114	17
114	126
114	119
114	107
114	178
114	145
114	33
114	7
114	185
114	189
114	180
114	181
114	114
114	29
114	186
115	137
115	130
115	71
115	2
115	3
115	10
115	28
115	108
115	90
115	38
115	167
115	193
115	177
115	106
115	17
115	126
115	119
115	107
115	178
115	145
115	33
115	7
115	185
115	189
115	180
115	181
115	114
115	29
115	186
115	115
116	137
116	130
116	71
116	2
116	3
116	10
116	28
116	108
116	90
116	38
116	167
116	193
116	177
116	106
116	17
116	126
116	119
116	107
116	178
116	145
116	33
116	7
116	185
116	189
116	180
116	181
116	114
116	29
116	186
116	116
117	137
117	130
117	71
117	2
117	3
117	10
117	28
117	108
117	90
117	38
117	167
117	193
117	177
117	106
117	17
117	126
117	119
117	107
117	178
117	145
117	33
117	7
117	185
117	189
117	180
117	181
117	114
117	29
117	186
117	117
117	21
118	137
118	130
118	71
118	2
118	3
118	10
118	28
118	108
118	90
118	38
118	167
118	193
118	177
118	106
118	17
118	126
118	119
118	107
118	178
118	145
118	33
118	7
118	185
118	189
118	180
118	181
118	114
118	29
118	186
118	118
118	98
118	188
118	194
119	137
119	130
119	71
119	2
119	3
119	10
119	28
119	108
119	90
119	38
119	167
119	193
119	177
119	106
119	17
119	126
119	119
119	107
119	178
119	145
119	33
119	7
119	185
119	189
119	180
119	181
119	114
119	29
119	186
119	115
120	137
120	130
120	71
120	2
120	3
120	10
120	28
120	108
120	90
120	38
120	167
120	193
120	177
120	106
120	17
120	126
120	119
120	107
120	178
120	145
120	33
120	7
120	185
120	189
120	180
120	181
120	114
120	29
120	186
120	115
121	0
122	137
122	130
122	71
122	2
122	3
122	10
122	28
122	108
122	90
122	38
122	167
122	193
122	177
122	106
122	17
122	126
122	119
122	107
122	178
122	145
122	33
122	7
122	185
122	189
122	180
122	181
122	114
122	29
122	186
122	122
123	137
123	130
123	71
123	2
123	3
123	10
123	28
123	108
123	90
123	38
123	167
123	193
123	177
123	106
123	17
123	126
123	119
123	107
123	178
123	145
123	33
123	7
123	185
123	189
123	180
123	181
123	114
123	29
123	186
123	123
124	137
124	130
124	71
124	2
124	3
124	10
124	28
124	108
124	90
124	38
124	167
124	193
124	177
124	106
124	17
124	126
124	119
124	107
124	178
124	145
124	33
124	7
124	185
124	189
124	180
124	181
124	114
124	29
124	186
124	124
124	111
124	110
124	109
124	30
125	137
125	130
125	71
125	2
125	3
125	10
125	28
125	108
125	90
125	38
125	167
125	193
125	177
125	106
125	17
125	126
125	119
125	107
125	178
125	145
125	33
125	7
125	185
125	189
125	180
125	181
125	114
125	29
125	186
125	125
126	137
126	130
126	71
126	2
126	3
126	10
126	28
126	108
126	90
126	38
126	167
126	193
126	177
126	106
126	17
126	126
126	119
126	107
126	178
126	145
126	33
126	7
126	185
126	189
126	180
126	181
126	114
126	29
126	186
127	137
127	130
127	71
127	2
127	3
127	10
127	28
127	108
127	90
127	38
127	167
127	193
127	177
127	106
127	17
127	126
127	119
127	107
127	178
127	145
127	33
127	7
127	185
127	189
127	180
127	181
127	114
127	29
127	186
127	127
127	98
128	137
128	130
128	71
128	2
128	3
128	10
128	28
128	108
128	90
128	38
128	167
128	193
128	177
128	106
128	17
128	126
128	119
128	107
128	178
128	145
128	33
128	7
128	185
128	189
128	180
128	181
128	114
128	29
128	186
128	129
128	93
128	13
128	24
128	94
128	155
128	141
128	151
128	161
128	153
128	27
128	35
129	137
129	130
129	71
129	2
129	3
129	10
129	28
129	108
129	90
129	38
129	167
129	193
129	177
129	106
129	17
129	126
129	119
129	107
129	178
129	145
129	33
129	7
129	185
129	189
129	180
129	181
129	114
129	29
129	186
129	13
129	24
129	93
129	94
129	155
129	141
129	151
129	161
129	153
129	27
129	35
130	137
130	130
130	71
130	2
130	3
130	10
130	28
130	108
130	90
130	38
130	167
130	193
130	177
130	106
130	17
130	126
130	119
130	107
130	178
130	145
130	33
130	7
130	185
130	189
130	180
130	181
130	114
130	29
130	186
131	137
131	130
131	71
131	2
131	3
131	10
131	28
131	108
131	90
131	38
131	167
131	193
131	177
131	106
131	17
131	126
131	119
131	107
131	178
131	145
131	33
131	7
131	185
131	189
131	180
131	181
131	114
131	29
131	186
132	0
133	137
133	130
133	71
133	2
133	3
133	10
133	28
133	108
133	90
133	38
133	167
133	193
133	177
133	106
133	17
133	126
133	119
133	107
133	178
133	145
133	33
133	7
133	185
133	189
133	180
133	181
133	114
133	29
133	186
133	133
134	137
134	130
134	71
134	2
134	3
134	10
134	28
134	108
134	90
134	38
134	167
134	193
134	177
134	106
134	17
134	126
134	119
134	107
134	178
134	145
134	33
134	7
134	185
134	189
134	180
134	181
134	114
134	29
134	186
135	137
135	130
135	71
135	2
135	3
135	10
135	28
135	108
135	90
135	38
135	167
135	193
135	177
135	106
135	17
135	126
135	119
135	107
135	178
135	145
135	33
135	7
135	185
135	189
135	180
135	181
135	114
135	29
135	186
135	135
136	137
136	130
136	71
136	2
136	3
136	10
136	28
136	108
136	90
136	38
136	167
136	193
136	177
136	106
136	17
136	126
136	119
136	107
136	178
136	145
136	33
136	7
136	185
136	189
136	180
136	181
136	114
136	29
136	186
136	136
137	96
137	171
138	96
138	171
139	137
139	130
139	71
139	2
139	3
139	10
139	28
139	108
139	90
139	38
139	167
139	193
139	177
139	106
139	17
139	126
139	119
139	107
139	178
139	145
139	33
139	7
139	185
139	189
139	180
139	181
139	114
139	29
139	186
139	139
140	137
140	130
140	71
140	2
140	3
140	10
140	28
140	108
140	90
140	38
140	167
140	193
140	177
140	106
140	17
140	126
140	119
140	107
140	178
140	145
140	33
140	7
140	185
140	189
140	180
140	181
140	114
140	29
140	186
140	140
141	137
141	130
141	71
141	2
141	3
141	10
141	28
141	108
141	90
141	38
141	167
141	193
141	177
141	106
141	17
141	126
141	119
141	107
141	178
141	145
141	33
141	7
141	185
141	189
141	180
141	181
141	114
141	29
141	186
142	137
142	130
142	71
142	2
142	3
142	10
142	28
142	108
142	90
142	38
142	167
142	193
142	177
142	106
142	17
142	126
142	119
142	107
142	178
142	145
142	33
142	7
142	185
142	189
142	180
142	181
142	114
142	29
142	186
143	137
143	130
143	71
143	2
143	3
143	10
143	28
143	108
143	90
143	38
143	167
143	193
143	177
143	106
143	17
143	126
143	119
143	107
143	178
143	145
143	33
143	7
143	185
143	189
143	180
143	181
143	114
143	29
143	186
143	143
144	137
144	130
144	71
144	2
144	3
144	10
144	28
144	108
144	90
144	38
144	167
144	193
144	177
144	106
144	17
144	126
144	119
144	107
144	178
144	145
144	33
144	7
144	185
144	189
144	180
144	181
144	114
144	29
144	186
145	137
145	130
145	71
145	2
145	3
145	10
145	28
145	108
145	90
145	38
145	167
145	193
145	177
145	106
145	17
145	126
145	119
145	107
145	178
145	145
145	33
145	7
145	185
145	189
145	180
145	181
145	114
145	29
145	186
145	5
145	148
146	137
146	130
146	71
146	2
146	3
146	10
146	28
146	108
146	90
146	38
146	167
146	193
146	177
146	106
146	17
146	126
146	119
146	107
146	178
146	145
146	33
146	7
146	185
146	189
146	180
146	181
146	114
146	29
146	186
146	5
146	148
147	137
147	130
147	71
147	2
147	3
147	10
147	28
147	108
147	90
147	38
147	167
147	193
147	177
147	106
147	17
147	126
147	119
147	107
147	178
147	145
147	33
147	7
147	185
147	189
147	180
147	181
147	114
147	29
147	186
147	5
147	148
148	137
148	130
148	71
148	2
148	3
148	10
148	28
148	108
148	90
148	38
148	167
148	193
148	177
148	106
148	17
148	126
148	119
148	107
148	178
148	145
148	33
148	7
148	185
148	189
148	180
148	181
148	114
148	29
148	186
148	5
148	148
149	137
149	130
149	71
149	2
149	3
149	10
149	28
149	108
149	90
149	38
149	167
149	193
149	177
149	106
149	17
149	126
149	119
149	107
149	178
149	145
149	33
149	7
149	185
149	189
149	180
149	181
149	114
149	29
149	186
149	5
149	148
150	137
150	130
150	71
150	2
150	3
150	10
150	28
150	108
150	90
150	38
150	167
150	193
150	177
150	106
150	17
150	126
150	119
150	107
150	178
150	145
150	33
150	7
150	185
150	189
150	180
150	181
150	114
150	29
150	186
150	150
150	53
150	124
150	42
150	101
151	137
151	130
151	71
151	2
151	3
151	10
151	28
151	108
151	90
151	38
151	167
151	193
151	177
151	106
151	17
151	126
151	119
151	107
151	178
151	145
151	33
151	7
151	185
151	189
151	180
151	181
151	114
151	29
151	186
151	128
151	151
151	165
151	141
152	137
152	130
152	71
152	2
152	3
152	10
152	28
152	108
152	90
152	38
152	167
152	193
152	177
152	106
152	17
152	126
152	119
152	107
152	178
152	145
152	33
152	7
152	185
152	189
152	180
152	181
152	114
152	29
152	186
152	128
152	151
152	165
152	141
153	137
153	130
153	71
153	2
153	3
153	10
153	28
153	108
153	90
153	38
153	167
153	193
153	177
153	106
153	17
153	126
153	119
153	107
153	178
153	145
153	33
153	7
153	185
153	189
153	180
153	181
153	114
153	29
153	186
153	128
153	153
154	1
154	165
154	185
154	177
154	38
154	167
154	90
154	31
154	163
154	166
154	172
154	26
154	154
155	137
155	130
155	71
155	2
155	3
155	10
155	28
155	108
155	90
155	38
155	167
155	193
155	177
155	106
155	17
155	126
155	119
155	107
155	178
155	145
155	33
155	7
155	185
155	189
155	180
155	181
155	114
155	29
155	186
155	155
156	22
157	137
157	130
157	71
157	2
157	3
157	10
157	28
157	108
157	90
157	38
157	167
157	193
157	177
157	106
157	17
157	126
157	119
157	107
157	178
157	145
157	33
157	7
157	185
157	189
157	180
157	181
157	114
157	29
157	186
157	157
158	1
158	165
158	185
158	177
158	38
158	167
158	90
158	118
159	137
159	130
159	71
159	2
159	3
159	10
159	28
159	108
159	90
159	38
159	167
159	193
159	177
159	106
159	17
159	126
159	119
159	107
159	178
159	145
159	33
159	7
159	185
159	189
159	180
159	181
159	114
159	29
159	186
160	137
160	130
160	71
160	2
160	3
160	10
160	28
160	108
160	90
160	38
160	167
160	193
160	177
160	106
160	17
160	126
160	119
160	107
160	178
160	145
160	33
160	7
160	185
160	189
160	180
160	181
160	114
160	29
160	186
161	137
161	130
161	71
161	2
161	3
161	10
161	28
161	108
161	90
161	38
161	167
161	193
161	177
161	106
161	17
161	126
161	119
161	107
161	178
161	145
161	33
161	7
161	185
161	189
161	180
161	181
161	114
161	29
161	186
161	128
161	161
162	137
162	130
162	71
162	2
162	3
162	10
162	28
162	108
162	90
162	38
162	167
162	193
162	177
162	106
162	17
162	126
162	119
162	107
162	178
162	145
162	33
162	7
162	185
162	189
162	180
162	181
162	114
162	29
162	186
162	162
163	137
163	130
163	71
163	2
163	3
163	10
163	28
163	108
163	90
163	38
163	167
163	193
163	177
163	106
163	17
163	126
163	119
163	107
163	178
163	145
163	33
163	7
163	185
163	189
163	180
163	181
163	114
163	29
163	186
163	163
163	154
164	137
164	130
164	71
164	2
164	3
164	10
164	28
164	108
164	90
164	38
164	167
164	193
164	177
164	106
164	17
164	126
164	119
164	107
164	178
164	145
164	33
164	7
164	185
164	189
164	180
164	181
164	114
164	29
164	186
164	163
165	0
166	137
166	130
166	71
166	2
166	3
166	10
166	28
166	108
166	90
166	38
166	167
166	193
166	177
166	106
166	17
166	126
166	119
166	107
166	178
166	145
166	33
166	7
166	185
166	189
166	180
166	181
166	114
166	29
166	186
166	166
166	163
166	128
166	21
166	42
166	53
166	85
166	88
166	124
166	55
166	98
166	200
166	172
166	138
166	170
166	9
167	137
167	130
167	71
167	2
167	3
167	10
167	28
167	108
167	90
167	38
167	167
167	193
167	177
167	106
167	17
167	126
167	119
167	107
167	178
167	145
167	33
167	7
167	185
167	189
167	180
167	181
167	114
167	29
167	186
168	137
168	130
168	71
168	2
168	3
168	10
168	28
168	108
168	90
168	38
168	167
168	193
168	177
168	106
168	17
168	126
168	119
168	107
168	178
168	145
168	33
168	7
168	185
168	189
168	180
168	181
168	114
168	29
168	186
169	0
170	137
170	130
170	71
170	2
170	3
170	10
170	28
170	108
170	90
170	38
170	167
170	193
170	177
170	106
170	17
170	126
170	119
170	107
170	178
170	145
170	33
170	7
170	185
170	189
170	180
170	181
170	114
170	29
170	186
170	26
170	172
171	137
171	130
171	71
171	2
171	3
171	10
171	28
171	108
171	90
171	38
171	167
171	193
171	177
171	106
171	17
171	126
171	119
171	107
171	178
171	145
171	33
171	7
171	185
171	189
171	180
171	181
171	114
171	29
171	186
171	26
171	172
172	137
172	130
172	71
172	2
172	3
172	10
172	28
172	108
172	90
172	38
172	167
172	193
172	177
172	106
172	17
172	126
172	119
172	107
172	178
172	145
172	33
172	7
172	185
172	189
172	180
172	181
172	114
172	29
172	186
172	172
173	137
173	130
173	71
173	2
173	3
173	10
173	28
173	108
173	90
173	38
173	167
173	193
173	177
173	106
173	17
173	126
173	119
173	107
173	178
173	145
173	33
173	7
173	185
173	189
173	180
173	181
173	114
173	29
173	186
173	173
173	170
173	21
174	137
174	130
174	71
174	2
174	3
174	10
174	28
174	108
174	90
174	38
174	167
174	193
174	177
174	106
174	17
174	126
174	119
174	107
174	178
174	145
174	33
174	7
174	185
174	189
174	180
174	181
174	114
174	29
174	186
174	174
175	137
175	130
175	71
175	2
175	3
175	10
175	28
175	108
175	90
175	38
175	167
175	193
175	177
175	106
175	17
175	126
175	119
175	107
175	178
175	145
175	33
175	7
175	185
175	189
175	180
175	181
175	114
175	29
175	186
175	174
176	137
176	130
176	71
176	2
176	3
176	10
176	28
176	108
176	90
176	38
176	167
176	193
176	177
176	106
176	17
176	126
176	119
176	107
176	178
176	145
176	33
176	7
176	185
176	189
176	180
176	181
176	114
176	29
176	186
176	176
177	137
177	130
177	71
177	2
177	3
177	10
177	28
177	108
177	90
177	38
177	167
177	193
177	177
177	106
177	17
177	126
177	119
177	107
177	178
177	145
177	33
177	7
177	185
177	189
177	180
177	181
177	114
177	29
177	186
177	158
177	49
177	149
177	103
177	148
177	40
178	137
178	130
178	71
178	2
178	3
178	10
178	28
178	108
178	90
178	38
178	167
178	193
178	177
178	106
178	17
178	126
178	119
178	107
178	178
178	145
178	33
178	7
178	185
178	189
178	180
178	181
178	114
178	29
178	186
179	137
179	130
179	71
179	2
179	3
179	10
179	28
179	108
179	90
179	38
179	167
179	193
179	177
179	106
179	17
179	126
179	119
179	107
179	178
179	145
179	33
179	7
179	185
179	189
179	180
179	181
179	114
179	29
179	186
179	179
180	137
180	130
180	71
180	2
180	3
180	10
180	28
180	108
180	90
180	38
180	167
180	193
180	177
180	106
180	17
180	126
180	119
180	107
180	178
180	145
180	33
180	7
180	185
180	189
180	180
180	181
180	114
180	29
180	186
180	132
181	137
181	130
181	71
181	2
181	3
181	10
181	28
181	108
181	90
181	38
181	167
181	193
181	177
181	106
181	17
181	126
181	119
181	107
181	178
181	145
181	33
181	7
181	185
181	189
181	180
181	181
181	114
181	29
181	186
182	137
182	130
182	71
182	2
182	3
182	10
182	28
182	108
182	90
182	38
182	167
182	193
182	177
182	106
182	17
182	126
182	119
182	107
182	178
182	145
182	33
182	7
182	185
182	189
182	180
182	181
182	114
182	29
182	186
183	137
183	130
183	71
183	2
183	3
183	10
183	28
183	108
183	90
183	38
183	167
183	193
183	177
183	106
183	17
183	126
183	119
183	107
183	178
183	145
183	33
183	7
183	185
183	189
183	180
183	181
183	114
183	29
183	186
184	0
185	137
185	130
185	71
185	2
185	3
185	10
185	28
185	108
185	90
185	38
185	167
185	193
185	177
185	106
185	17
185	126
185	119
185	107
185	178
185	145
185	33
185	7
185	185
185	189
185	180
185	181
185	114
185	29
185	186
185	158
185	98
185	144
185	149
185	103
185	148
185	40
186	137
186	130
186	71
186	2
186	3
186	10
186	28
186	108
186	90
186	38
186	167
186	193
186	177
186	106
186	17
186	126
186	119
186	107
186	178
186	145
186	33
186	7
186	185
186	189
186	180
186	181
186	114
186	29
186	186
187	137
187	130
187	71
187	2
187	3
187	10
187	28
187	108
187	90
187	38
187	167
187	193
187	177
187	106
187	17
187	126
187	119
187	107
187	178
187	145
187	33
187	7
187	185
187	189
187	180
187	181
187	114
187	29
187	186
187	187
188	137
188	130
188	71
188	2
188	3
188	10
188	28
188	108
188	90
188	38
188	167
188	193
188	177
188	106
188	17
188	126
188	119
188	107
188	178
188	145
188	33
188	7
188	185
188	189
188	180
188	181
188	114
188	29
188	186
188	188
189	0
190	137
190	130
190	71
190	2
190	3
190	10
190	28
190	108
190	90
190	38
190	167
190	193
190	177
190	106
190	17
190	126
190	119
190	107
190	178
190	145
190	33
190	7
190	185
190	189
190	180
190	181
190	114
190	29
190	186
190	190
191	137
191	130
191	71
191	2
191	3
191	10
191	28
191	108
191	90
191	38
191	167
191	193
191	177
191	106
191	17
191	126
191	119
191	107
191	178
191	145
191	33
191	7
191	185
191	189
191	180
191	181
191	114
191	29
191	186
191	191
192	137
192	130
192	71
192	2
192	3
192	10
192	28
192	108
192	90
192	38
192	167
192	193
192	177
192	106
192	17
192	126
192	119
192	107
192	178
192	145
192	33
192	7
192	185
192	189
192	180
192	181
192	114
192	29
192	186
192	192
192	24
192	64
192	27
192	128
192	55
192	191
192	141
193	137
193	130
193	71
193	2
193	3
193	10
193	28
193	108
193	90
193	38
193	167
193	193
193	177
193	106
193	17
193	126
193	119
193	107
193	178
193	145
193	33
193	7
193	185
193	189
193	180
193	181
193	114
193	29
193	186
194	137
194	130
194	71
194	2
194	3
194	10
194	28
194	108
194	90
194	38
194	167
194	193
194	177
194	106
194	17
194	126
194	119
194	107
194	178
194	145
194	33
194	7
194	185
194	189
194	180
194	181
194	114
194	29
194	186
194	19
194	187
194	41
194	99
195	137
195	130
195	71
195	2
195	3
195	10
195	28
195	108
195	90
195	38
195	167
195	193
195	177
195	106
195	17
195	126
195	119
195	107
195	178
195	145
195	33
195	7
195	185
195	189
195	180
195	181
195	114
195	29
195	186
195	53
195	124
195	19
195	187
195	41
195	99
196	137
196	130
196	71
196	2
196	3
196	10
196	28
196	108
196	90
196	38
196	167
196	193
196	177
196	106
196	17
196	126
196	119
196	107
196	178
196	145
196	33
196	7
196	185
196	189
196	180
196	181
196	114
196	29
196	186
196	19
196	187
196	41
196	99
197	137
197	130
197	71
197	2
197	3
197	10
197	28
197	108
197	90
197	38
197	167
197	193
197	177
197	106
197	17
197	126
197	119
197	107
197	178
197	145
197	33
197	7
197	185
197	189
197	180
197	181
197	114
197	29
197	186
197	197
198	137
198	130
198	71
198	2
198	3
198	10
198	28
198	108
198	90
198	38
198	167
198	193
198	177
198	106
198	17
198	126
198	119
198	107
198	178
198	145
198	33
198	7
198	185
198	189
198	180
198	181
198	114
198	29
198	186
198	198
199	137
199	130
199	71
199	2
199	3
199	10
199	28
199	108
199	90
199	38
199	167
199	193
199	177
199	106
199	17
199	126
199	119
199	107
199	178
199	145
199	33
199	7
199	185
199	189
199	180
199	181
199	114
199	29
199	186
199	198
200	137
200	130
200	71
200	2
200	3
200	10
200	28
200	108
200	90
200	38
200	167
200	193
200	177
200	106
200	17
200	126
200	119
200	107
200	178
200	145
200	33
200	7
200	185
200	189
200	180
200	181
200	114
200	29
200	186
200	200
200	9
200	191
